0.000022 0.028000
0.000022 0.028000
0.000022 0.028000
-0.013523 0.005000
0.005378 0.138361
0.019120 0.173049
0.003188 0.145478
0.022301 0.055344
0.019350 0.061105
0.001630 0.145917
-0.024022 0.033941
0.018219 0.070675
-0.020554 0.055788
-0.000694 0.154763
-0.018172 0.017043
-0.026104 0.096283
0.001991 0.085177
-0.037473 0.005000
0.013293 0.005000
0.015314 0.179066
-0.011035 0.073242
-0.002252 0.154687
-0.072072 0.066296
-0.028480 0.101314
0.001055 0.085887
-0.041487 0.005001
0.011823 0.005000
0.014758 0.181403
-0.006490 0.078214
-0.003804 0.154716
-0.130348 0.005002
-0.090170 0.005000
-0.088437 0.073356
-0.058325 0.046963
0.000569 0.086493
-0.044300 0.004998
0.010344 0.005000
0.013159 0.182899
-0.002750 0.081864
-0.005217 0.154397
-0.120475 0.004999
-0.088963 0.073718
-0.068438 0.004998
-0.036432 0.052873
-0.066401 0.049021
0.000996 0.086463
-0.047872 0.005002
0.008202 0.005000
0.010020 0.183329
0.000591 0.081697
-0.006541 0.152623
-0.146277 0.004998
-0.087988 0.005000
-0.036290 0.039273
-0.027259 0.104546
-0.072725 0.051301
0.001332 0.086405
-0.051432 0.005010
0.006241 0.005000
0.006987 0.183984
0.004071 0.081085
-0.008000 0.151698
-0.100953 0.005000
-0.027765 0.106966
-0.077333 0.053001
0.001252 0.086462
-0.054102 0.005008
0.004828 0.004999
0.003807 0.184706
0.007643 0.080175
-0.009258 0.150752
-0.103982 0.005000
-0.023815 0.102660
-0.078976 0.056180
0.002414 0.086437
-0.058716 0.004998
0.003025 0.005000
0.000391 0.184441
0.011509 0.078949
-0.010641 0.149497
-0.105518 0.005000
-0.021400 0.099910
-0.078503 0.058416
0.003156 0.086522
-0.062514 0.005005
0.001710 0.005001
-0.002835 0.185723
0.015980 0.075268
-0.011984 0.147844
-0.107008 0.005000
0.002029 0.087224
-0.062102 0.005003
0.001955 0.005000
-0.003966 0.187497
0.020126 0.071604
-0.108466 0.005000
0.000790 0.088385
-0.062710 0.004998
0.001879 0.005000
-0.003747 0.189604
0.023846 0.067610
-0.109851 0.005001
-0.001334 0.090234
-0.061511 0.004997
0.002568 0.005000
-0.002603 0.192056
0.027612 0.061330
-0.111324 0.005000
-0.004039 0.093204
-0.058342 0.005004
0.004230 0.005001
-0.001380 0.195801
-0.112751 0.005000
-0.006973 0.096558
-0.055129 0.004998
0.031947 0.092010
0.006179 0.004999
-0.030862 0.079796
-0.114143 0.005000
-0.010473 0.103929
-0.051964 0.004999
0.023551 0.088967
0.008374 0.004997
-0.027157 0.082115
-0.115622 0.005000
-0.050855 0.005002
0.019558 0.089377
0.009621 0.005001
-0.018289 0.088913
-0.117041 0.005000
-0.053180 0.004999
0.017383 0.090192
0.008783 0.005002
-0.015184 0.090781
-0.118418 0.005000
-0.055061 0.005001
0.015319 0.091444
0.008239 0.005000
-0.012812 0.091969
-0.119760 0.005000
-0.056590 0.005001
0.013429 0.093104
0.007927 0.005002
-0.010872 0.092665
-0.121085 0.005000
-0.057457 0.004998
0.011614 0.095244
0.008079 0.004997
-0.009384 0.093046
-0.122471 0.005001
-0.058228 0.005001
0.010026 0.097786
0.008304 0.004999
-0.008236 0.093181
-0.059248 0.005000
0.008775 0.100687
0.008376 0.004998
-0.007225 0.093171
-0.060746 0.005003
0.008544 0.104734
0.008070 0.004999
-0.006134 0.093144
-0.062572 0.004999
0.008115 0.108290
0.007507 0.004996
-0.005524 0.092809
-0.064840 0.005003
0.008119 0.112059
0.006566 0.005000
-0.004609 0.092733
-0.067516 0.004999
0.008569 0.116086
0.005289 0.005000
-0.003876 0.092476
-0.100468 0.090243
-0.070413 0.004999
0.009432 0.120454
0.003832 0.005002
-0.003331 0.092061
-0.101565 0.091541
0.010724 0.125437
0.002425 0.004998
-0.002958 0.091500
-0.102662 0.092727
0.012643 0.131450
0.001128 0.005000
-0.002781 0.090850
-0.103760 0.094081
-0.000353 0.004998
-0.002750 0.090065
-0.104847 0.095249
-0.001636 0.005002
-0.003786 0.088484
-0.104920 0.096181
-0.003007 0.004999
-0.004107 0.087292
-0.106060 0.097406
-0.004319 0.004999
-0.004652 0.086112
-0.107169 0.098706
-0.108298 0.099919
-0.109492 0.100873
-0.110666 0.101924
-0.113394 0.103534
-0.114519 0.104569
-0.115627 0.105731
-0.116765 0.106704
-0.086116 0.077502
-0.117876 0.107711
-0.087989 0.079480
-0.119047 0.108815
-0.089830 0.081547
-0.120224 0.109842
-0.091625 0.083395
-0.121473 0.110775
-0.092531 0.084902
-0.122689 0.111793
-0.094297 0.086970
-0.123958 0.112728
-0.096020 0.088807
-0.125195 0.113780
-0.097758 0.090875
-0.126476 0.114764
-0.099491 0.092793
-0.127790 0.115772
-0.101211 0.094830
-0.129116 0.116757
-0.102936 0.096826
-0.130554 0.117579
-0.102988 0.097752
-0.131914 0.118591
-0.104773 0.099858
-0.133372 0.119545
-0.106528 0.101851
-0.134803 0.120574
-0.108262 0.103883
-0.136403 0.121374
-0.109974 0.105908
-0.137969 0.122305
-0.111711 0.107895
-0.139747 0.123066
-0.113401 0.109900
-0.141418 0.124024
-0.115070 0.111879
-0.143091 0.125028
-0.116715 0.113868
-0.144819 0.126047
-0.118338 0.115826
-0.146684 0.126985
-0.120827 0.118447
-0.148483 0.128063
-0.122348 0.120382
-0.150442 0.129066
-0.123845 0.122306
-0.152540 0.130033
-0.123939 0.123174
-0.154957 0.130901
-0.138508 0.169655
-0.125574 0.125298
-0.157348 0.131927
-0.138975 0.168873
-0.127128 0.127383
-0.159659 0.133077
-0.139581 0.168495
-0.129477 0.130094
-0.162120 0.134255
-0.140289 0.168238
-0.130767 0.132043
-0.164790 0.135465
-0.141100 0.168100
-0.132070 0.133936
-0.167700 0.136711
-0.141992 0.168014
-0.133350 0.135759
-0.171000 0.138000
-0.142971 0.167972
-0.134592 0.137600
-0.174321 0.139460
-0.143996 0.168217
-0.135777 0.139450
-0.145080 0.168474
-0.136932 0.141326
-0.145442 0.168118
-0.138054 0.143177
-0.146648 0.168831
-0.139092 0.145019
-0.147936 0.169429
-0.140145 0.146792
-0.150375 0.171440
-0.141144 0.148540
-0.151599 0.171856
-0.142085 0.150285
-0.152887 0.172336
-0.143002 0.152013
-0.153437 0.172108
-0.143858 0.153676
-0.154947 0.172767
-0.144651 0.155345
-0.156449 0.173532
-0.145409 0.156980
-0.157957 0.174337
-0.146093 0.158549
-0.159611 0.175071
-0.146760 0.160049
-0.161312 0.175848
-0.147298 0.161536
-0.163073 0.176655
-0.147825 0.162999
-0.164809 0.177579
-0.148680 0.164857
-0.166733 0.178421
-0.149196 0.166315
-0.168655 0.179368
-0.149657 0.167786
-0.170526 0.180439
-0.150112 0.169211
-0.172476 0.181534
-0.150526 0.170639
-0.174374 0.182755
-0.150880 0.172003
-0.176427 0.183965
-0.155035 0.212257
-0.153211 0.175627
-0.178570 0.185214
-0.156351 0.210934
-0.153679 0.177135
-0.181615 0.187398
-0.157765 0.209992
-0.154132 0.178593
-0.184347 0.188902
-0.160176 0.212007
-0.154556 0.180011
-0.187244 0.190555
-0.161676 0.210543
-0.154893 0.181436
-0.190115 0.192409
-0.163187 0.209930
-0.154302 0.181660
-0.193327 0.194467
-0.164845 0.209546
-0.154409 0.182687
-0.196847 0.196803
-0.166580 0.209450
-0.154309 0.183659
-0.200505 0.199462
-0.168278 0.209717
-0.154161 0.184535
-0.204493 0.202539
-0.169972 0.210222
-0.154047 0.185337
-0.171757 0.210817
-0.153734 0.186035
-0.173317 0.210507
-0.153240 0.186613
-0.175186 0.211535
-0.152825 0.187085
-0.177149 0.212614
-0.152229 0.187410
-0.179344 0.213683
-0.151620 0.187670
-0.181492 0.214892
-0.150769 0.187705
-0.183686 0.216177
-0.185752 0.217623
-0.187878 0.219126
-0.190030 0.220716
-0.192188 0.222389
-0.194245 0.224178
-0.196237 0.226039
-0.198793 0.229135
-0.201001 0.231397
-0.203282 0.233834
-0.205415 0.236365
-0.207569 0.239038
-0.205783 0.353569
-0.205797 0.353526
-0.202793 0.349969
-0.202810 0.349935
-0.204602 0.352198
-0.204503 0.352100
-0.204506 0.352144
-0.203937 0.351636
-0.202303 0.349984
0.404379 0.005000
0.405611 0.005000
0.406917 0.005000
0.408203 0.005000
0.351611 0.005000
0.409551 0.005000
0.353645 0.005000
0.411002 0.005000
0.355787 0.005000
0.412527 0.005000
0.358012 0.005000
0.414130 0.005000
0.360324 0.005000
0.415734 0.005000
0.362628 0.005000
0.417456 0.005000
0.365051 0.005000
0.419087 0.005000
0.367379 0.005000
0.420581 0.005000
0.369556 0.005000
-0.204552 0.352128
0.422287 0.005000
0.371954 0.005000
0.424139 0.005000
0.374493 0.005000
0.425984 0.005000
0.377016 0.005000
0.427911 0.005000
0.379608 0.005000
0.429894 0.005000
0.382247 0.005000
0.431873 0.005000
0.384859 0.005000
-0.194535 0.353570
0.433923 0.005000
0.387523 0.005000
-0.197249 0.350460
0.436150 0.005000
0.390333 0.005000
-0.200922 0.350056
0.438340 0.005000
0.393077 0.005000
-0.205422 0.352921
0.440751 0.005000
0.395994 0.005000
0.443118 0.005000
0.398834 0.005000
0.445524 0.005000
0.401668 0.005000
0.448114 0.005000
0.404612 0.005000
0.450786 0.005000
0.407580 0.005000
0.453879 0.005000
0.410812 0.005000
0.457325 0.005000
0.414215 0.005000
0.460843 0.005000
0.417573 0.005000
0.464484 0.005000
0.420901 0.005000
0.468310 0.005000
0.424242 0.005000
0.472553 0.005000
0.427721 0.005000
0.476981 0.005000
0.431176 0.005000
0.481685 0.005000
0.434637 0.005000
0.486516 0.005000
0.438045 0.005000
0.491444 0.005000
0.441374 0.005000
0.496156 0.005000
0.444535 0.005000
0.500818 0.005000
0.447594 0.005000
0.450629 0.005000
0.453601 0.005000
-0.195347 0.351816
0.456589 0.005000
-0.200436 0.349779
0.459416 0.005000
-0.204139 0.352002
0.462223 0.005000
0.465129 0.005000
0.467971 0.005000
0.470689 0.005000
0.473224 0.005000
0.475741 0.005000
0.478185 0.005000
0.480513 0.005000
0.482898 0.005000
0.485185 0.005000
0.487450 0.005000
0.489699 0.005000
0.491927 0.005000
0.494271 0.005000
0.496526 0.005000
0.498825 0.005000
0.500976 0.005000
-0.197087 0.350260
0.503277 0.005000
-0.202655 0.350603
0.505509 0.005000
-0.204146 0.352196
0.507658 0.005000
-0.205092 0.353891
0.509762 0.005000
-0.205000 0.358590
0.511866 0.005000
-0.205000 0.363841
0.514058 0.005000
-0.205266 0.369331
0.516297 0.005000
-0.205000 0.374919
0.518346 0.005000
-0.205000 0.379611
0.520531 0.005000
-0.205000 0.383602
0.522696 0.005000
-0.205000 0.387133
0.524812 0.005000
-0.205000 0.390603
0.526863 0.005000
-0.205000 0.393889
0.528955 0.005000
-0.205000 0.397060
0.530989 0.005000
-0.205000 0.400351
0.533112 0.005000
-0.205000 0.403600
0.535242 0.005000
-0.205000 0.406657
0.537295 0.005000
0.595000 0.074002
0.539339 0.005000
0.595000 0.074517
0.541367 0.005000
0.595000 0.074999
0.543350 0.005000
0.595000 0.075549
0.545410 0.005000
0.595000 0.076106
0.547462 0.005000
0.595000 0.076631
0.595000 0.039817
0.549479 0.005000
0.595000 0.077282
0.595000 0.041540
0.551623 0.005000
0.595000 0.120599
0.595000 0.077962
0.595000 0.043295
0.595000 0.120397
0.595000 0.078871
0.595000 0.045330
0.595000 0.120496
0.595000 0.079962
0.595000 0.047574
0.595000 0.120631
0.595000 0.081062
0.595000 0.049805
0.595000 0.121213
0.595000 0.082427
0.595000 0.052331
0.595000 0.123249
0.595000 0.084611
0.595000 0.055743
0.595000 0.126369
0.595000 0.087289
0.595000 0.059553
-0.201614 0.349468
0.595000 0.131062
0.595000 0.090593
0.595000 0.063807
-0.202596 0.350307
0.595000 0.137170
0.595000 0.094300
0.595000 0.068184
0.595000 0.099173
0.595000 0.073181
0.595000 0.104304
0.595000 0.077954
0.595000 0.109952
0.595000 0.082731
0.595000 0.032514
0.595000 0.115746
0.595000 0.087351
0.595000 0.041170
0.595000 0.122506
0.595000 0.092157
0.595000 0.048924
0.595000 0.129832
0.595000 0.096915
0.595000 0.055568
0.595000 0.137928
0.595000 0.101711
0.595000 0.061473
0.595000 0.106554
0.595000 0.066802
0.595000 0.111490
0.595000 0.071720
0.595000 0.116521
0.595000 0.076236
0.595000 0.121273
0.595000 0.080283
0.595000 0.125951
0.595000 0.084090
0.595000 0.130967
0.595000 0.087850
0.595000 0.136305
0.595000 0.091579
0.595000 0.141776
0.595000 0.095190
0.595000 0.147628
0.595000 0.098803
0.595000 0.153332
0.595000 0.102215
0.595000 0.159120
0.595000 0.105551
0.595000 0.108763
0.595000 0.111908
0.595000 0.115029
0.595000 0.046674
0.595000 0.117884
0.595000 0.050090
0.595000 0.120923
0.595000 0.053833
0.595000 0.123778
0.595000 0.056935
0.595000 0.126430
0.595000 0.059517
0.595000 0.129077
0.595000 0.062039
0.595000 0.131694
0.595000 0.064433
0.595000 0.134218
0.595000 0.066610
0.595000 0.136718
0.595000 0.068699
0.595000 0.139028
0.595000 0.070389
0.595000 0.141392
0.595000 0.072158
0.595000 0.143736
0.595000 0.073892
0.595000 0.146062
0.595000 0.075596
0.595000 0.148405
0.595000 0.150783
0.595000 0.153043
0.595000 0.155358
0.595000 0.157629
0.595000 0.159792
0.595000 0.161952
0.595000 0.164207
0.595000 0.166421
0.595000 0.168542
0.595000 0.170808
0.595000 0.172923
0.595000 0.175132
0.595000 0.177196
0.595000 0.179223
0.595000 0.181311
0.595000 0.183296
0.595000 0.185305
0.595000 0.187381
0.595000 0.189371
0.595000 0.191351
0.595000 0.193389
0.595000 0.195359
0.595000 0.197355
0.595000 0.199315
0.595000 0.201308
0.595000 0.203255
-0.438834 0.528426
-0.439437 0.530081
-0.440106 0.531568
-0.439938 0.532410
-0.440629 0.533936
-0.441387 0.535373
-0.442043 0.536963
-0.444125 0.539518
-0.444816 0.540937
-0.445505 0.542404
-0.446170 0.543924
-0.446843 0.545408
-0.447550 0.546886
-0.426504 0.507736
-0.448381 0.548168
-0.427523 0.510071
-0.449130 0.549581
-0.428522 0.512372
-0.449933 0.550974
-0.428845 0.513799
-0.450684 0.552439
-0.429803 0.516162
-0.451544 0.553790
-0.430777 0.518497
-0.452369 0.555201
-0.431772 0.520708
-0.453123 0.556726
-0.432710 0.523055
-0.453906 0.558207
-0.433605 0.525470
-0.454829 0.559586
-0.434545 0.527819
-0.455702 0.561021
-0.435426 0.530227
-0.456513 0.562546
-0.435151 0.531189
-0.457427 0.563996
-0.436113 0.533601
-0.458305 0.565502
-0.437043 0.536062
-0.459287 0.566951
-0.437978 0.538485
-0.460336 0.568382
-0.438928 0.540794
-0.461299 0.569901
-0.439817 0.543197
-0.462415 0.571324
-0.440703 0.545610
-0.463489 0.572829
-0.441570 0.548053
-0.464645 0.574333
-0.442460 0.550389
-0.465868 0.575823
-0.443329 0.552738
-0.467068 0.577355
-0.444784 0.556010
-0.468282 0.578924
-0.445593 0.558293
-0.469640 0.580482
-0.446369 0.560597
-0.470966 0.582109
-0.447111 0.562921
-0.472408 0.583740
-0.447817 0.565266
-0.474012 0.585391
-0.447646 0.566099
-0.475565 0.587114
-0.448503 0.568505
-0.477334 0.588859
-0.449301 0.570900
-0.478764 0.590723
-0.448062 0.620395
-0.450671 0.574257
-0.480480 0.592626
-0.448755 0.620204
-0.451301 0.576491
-0.482205 0.594611
-0.449465 0.620278
-0.451934 0.578695
-0.484060 0.596661
-0.450222 0.620438
-0.452505 0.580904
-0.485923 0.598798
-0.450977 0.620809
-0.453022 0.583114
-0.488035 0.601055
-0.451800 0.621222
-0.453537 0.585300
-0.490672 0.603494
-0.452743 0.621559
-0.454024 0.587440
-0.492968 0.606019
-0.453557 0.622264
-0.454540 0.589547
-0.454391 0.623034
-0.455047 0.591614
-0.455259 0.623851
-0.455495 0.593674
-0.456066 0.624838
-0.455918 0.595747
-0.456538 0.624812
-0.456256 0.597808
-0.458133 0.627904
-0.456574 0.599826
-0.458924 0.628923
-0.456871 0.601832
-0.459912 0.629803
-0.457177 0.603741
-0.460901 0.630773
-0.457395 0.605664
-0.461567 0.630649
-0.457639 0.607503
-0.462590 0.631940
-0.457871 0.609336
-0.463643 0.633249
-0.458005 0.611146
0.139028 1.053900
0.170447 1.022482
-0.464775 0.634565
-0.458127 0.612895
0.139523 1.053405
0.170054 1.022875
-0.465983 0.635891
-0.458193 0.614584
0.139972 1.052957
0.169620 1.023309
-0.467157 0.637292
-0.458233 0.616229
0.140275 1.052654
0.169051 1.023878
-0.468325 0.638745
-0.458284 0.617838
0.140666 1.052263
0.168567 1.024362
-0.469478 0.640267
-0.458201 0.619416
0.140730 1.052199
0.167780 1.025149
-0.470695 0.641820
-0.458148 0.620920
0.140904 1.052025
0.167098 1.025831
-0.471984 0.643405
-0.458357 0.622978
0.140859 1.052070
0.166223 1.026706
-0.473154 0.645084
-0.458321 0.624548
0.140587 1.052342
0.165158 1.027771
-0.474511 0.646752
-0.458239 0.626023
0.140332 1.052597
0.164129 1.028800
0.190038 1.002891
-0.475745 0.648515
-0.458150 0.627505
0.139436 1.053493
0.162589 1.030340
0.186871 1.006058
-0.476955 0.650339
-0.458057 0.628954
0.137452 1.055477
0.160305 1.032624
0.182784 1.010145
-0.478265 0.652205
-0.458999 0.633413
0.134441 1.058488
0.157472 1.035457
0.178239 1.014691
-0.479519 0.654155
-0.458961 0.635051
0.130198 1.062731
0.154160 1.038769
0.173534 1.019396
-0.480960 0.656136
-0.449550 0.672718
-0.458833 0.636644
0.125144 1.067785
0.150741 1.042187
0.169154 1.023775
-0.482975 0.659297
-0.451386 0.672151
-0.458614 0.638178
0.118038 1.074890
0.146807 1.046122
0.164771 1.028157
-0.484700 0.661656
-0.452561 0.675554
-0.457932 0.638201
0.142507 1.050422
0.160555 1.032373
-0.486217 0.664101
-0.454079 0.675102
-0.457699 0.639362
0.138126 1.054803
0.156663 1.036266
0.194053 0.998876
-0.487970 0.666733
-0.455732 0.674842
-0.457304 0.640353
0.133422 1.059506
0.152897 1.040032
0.186305 1.006625
-0.489974 0.669640
-0.457450 0.674904
-0.456995 0.641298
0.128384 1.064545
0.149241 1.043688
0.180095 1.012834
-0.491979 0.672753
-0.459028 0.675350
-0.456607 0.642154
0.122853 1.070076
0.145612 1.047317
0.174871 1.018058
-0.494170 0.676228
-0.460584 0.676052
-0.456209 0.642922
0.116825 1.076104
0.142020 1.050909
0.170379 1.022550
-0.496511 0.680119
-0.462092 0.676971
-0.455788 0.643589
0.138388 1.054541
0.166368 1.026562
-0.499123 0.684604
-0.463582 0.678056
-0.455329 0.644140
0.134638 1.058291
0.162679 1.030250
-0.465000 0.679318
-0.454742 0.644534
0.130665 1.062264
0.159194 1.033735
-0.466451 0.679553
-0.454142 0.644807
0.126623 1.066306
0.155954 1.036975
-0.467839 0.681235
-0.453418 0.644877
0.122542 1.070386
0.152941 1.039988
-0.469211 0.682989
-0.452638 0.644819
0.118372 1.074558
0.150070 1.042859
-0.470486 0.684828
0.114021 1.078909
0.147283 1.045646
-0.471819 0.686735
0.109816 1.083113
0.144691 1.048238
-0.473255 0.688706
0.105202 1.087728
0.142069 1.050860
-0.474689 0.690783
0.139582 1.053347
-0.475952 0.692934
0.137322 1.055607
-0.477219 0.695151
0.135089 1.057840
0.183434 1.009494
-0.478584 0.697466
0.132930 1.059999
0.180624 1.012306
-0.479847 0.699825
0.130770 1.062159
0.177933 1.014996
-0.481055 0.702235
0.128771 1.064158
0.175726 1.017202
-0.482099 0.704668
0.126813 1.066116
0.173699 1.019230
-0.483244 0.707191
0.124797 1.068132
0.171633 1.021296
-0.484358 0.711177
0.122912 1.070017
0.169894 1.023036
-0.485540 0.714192
0.121114 1.071815
0.168373 1.024556
-0.486443 0.717149
0.119473 1.073456
0.167149 1.025780
0.117727 1.075201
0.165738 1.027191
0.116016 1.076913
0.164414 1.028515
0.114306 1.078623
0.163098 1.029830
0.112729 1.080200
0.162025 1.030905
0.111079 1.081850
0.160826 1.032102
0.109461 1.083469
0.159713 1.033217
0.107886 1.085043
0.106304 1.086625
0.104663 1.088266
0.103095 1.089834
0.101458 1.091471
0.099856 1.093073
0.098329 1.094600
0.096757 1.096172
0.095189 1.097739
0.093650 1.099279
0.092182 1.100747
0.090760 1.102169
0.089244 1.103685
-0.595002 0.685427
0.087796 1.105133
-0.595000 0.687321
0.086379 1.106550
-0.594999 0.689050
0.084915 1.108014
-0.594999 0.690659
0.083466 1.109463
-0.595002 0.692356
0.082056 1.110873
-0.594998 0.694052
0.080611 1.112318
-0.595001 0.695847
0.079131 1.113798
-0.595002 0.697591
0.077827 1.115102
-0.595005 0.699359
0.076564 1.116365
-0.594997 0.701093
0.075176 1.117753
-0.595000 0.702840
-0.594996 0.648755
0.073799 1.119130
-0.595001 0.704542
-0.595001 0.651505
0.072460 1.120468
-0.595001 0.706283
-0.594993 0.654318
0.071052 1.121877
-0.594998 0.708035
-0.594993 0.657108
-0.594995 0.709826
-0.595002 0.659961
-0.595000 0.748960
-0.595000 0.711742
-0.595011 0.662943
-0.594991 0.750201
-0.595004 0.713526
-0.595013 0.665755
-0.594997 0.751538
-0.595003 0.715356
-0.595001 0.668616
-0.594997 0.752909
-0.595005 0.717202
-0.595015 0.671452
-0.595009 0.754327
-0.595000 0.719072
-0.595000 0.674327
-0.594998 0.755883
-0.595003 0.721037
-0.594990 0.677313
-0.595018 0.757497
-0.595004 0.723013
-0.594990 0.680277
-0.594993 0.759028
-0.594997 0.724963
-0.595002 0.683184
-0.595004 0.760645
-0.595001 0.726937
-0.594990 0.686109
-0.594987 0.762290
-0.595000 0.728943
-0.594994 0.689054
-0.594981 0.764205
-0.595006 0.731085
-0.595008 0.692130
-0.595011 0.766331
-0.595001 0.733307
-0.595012 0.695280
-0.595002 0.768670
-0.594996 0.735649
-0.595010 0.698527
-0.595019 0.771288
-0.595002 0.738107
-0.595003 0.701831
-0.594980 0.773936
-0.595006 0.740577
-0.594993 0.705093
-0.595000 0.776867
-0.595000 0.743124
-0.594996 0.708379
-0.595009 0.779965
-0.595001 0.745730
-0.595004 0.711645
-0.595027 0.783400
-0.595004 0.748451
-0.594998 0.714959
-0.594994 0.787013
-0.595002 0.751241
-0.594997 0.718277
-0.594984 0.790908
-0.594999 0.754085
-0.595003 0.721542
-0.594989 0.795097
-0.594995 0.756990
-0.594993 0.724800
-0.595005 0.799653
-0.594990 0.759976
-0.595000 0.728036
-0.595045 0.804560
-0.595005 0.763018
-0.594998 0.731230
-0.594995 0.766130
-0.595001 0.734401
-0.595002 0.769328
-0.594995 0.737556
-0.595010 0.772574
-0.594998 0.740660
-0.594995 0.776026
-0.594998 0.743683
-0.594998 0.779556
-0.594999 0.746698
-0.595015 0.783200
-0.595000 0.749722
-0.595013 0.786924
-0.595000 0.752759
-0.594995 0.790722
-0.595000 0.755801
-0.595005 0.794628
-0.595000 0.758843
-0.595007 0.796849
-0.595000 0.761014
-0.594992 0.798881
-0.595000 0.763107
-0.594991 0.800929
-0.595000 0.765201
-0.594999 0.803047
-0.595000 0.767325
-0.595007 0.805155
-0.595000 0.769442
0.595000 0.529916
-0.594996 0.807244
-0.595000 0.771558
0.595000 0.531856
-0.595006 0.811162
-0.595000 0.774555
-0.595039 0.709243
0.595000 0.533737
-0.595025 0.815261
-0.595000 0.777588
-0.594997 0.715081
0.595000 0.535677
-0.594980 0.819581
-0.594999 0.780645
-0.595003 0.720466
0.595000 0.537623
-0.595007 0.824254
-0.594999 0.783742
-0.595014 0.725573
0.594990 0.539695
-0.594999 0.829057
-0.595000 0.786813
-0.595008 0.730294
0.595013 0.541695
-0.594959 0.834067
-0.595000 0.789905
-0.595000 0.734741
0.594997 0.599951
0.595012 0.543571
-0.594978 0.839483
-0.594998 0.793031
-0.594984 0.738988
0.595003 0.601326
0.595010 0.545490
-0.595012 0.845222
-0.595001 0.796180
-0.595023 0.742925
0.594993 0.602871
0.594993 0.547573
-0.594993 0.851241
-0.594998 0.799354
-0.594995 0.746767
0.594999 0.604457
0.594986 0.549680
-0.594967 0.857664
-0.594996 0.802566
-0.595015 0.750440
0.595004 0.605997
0.595008 0.551736
-0.595001 0.805832
-0.594989 0.754028
0.595000 0.607525
0.595002 0.553794
-0.595001 0.809129
-0.595002 0.757428
0.595000 0.609144
0.594992 0.555934
-0.594996 0.812484
-0.595003 0.760737
0.595015 0.610771
0.594999 0.558067
-0.595005 0.815891
-0.594979 0.763957
0.594999 0.612561
0.594999 0.560356
-0.594996 0.819330
-0.595000 0.767058
0.594993 0.614309
0.594997 0.562601
-0.595003 0.822835
-0.594998 0.770078
0.595004 0.616265
0.594998 0.565007
-0.594999 0.826363
-0.595003 0.772973
0.594994 0.618155
0.594995 0.567362
-0.595014 0.829936
-0.594989 0.775778
0.594994 0.620013
0.595002 0.569676
-0.594993 0.833521
-0.595000 0.778462
0.594992 0.621972
0.595009 0.572061
-0.594985 0.837125
-0.594988 0.781047
0.594999 0.623990
0.594989 0.574492
-0.594999 0.840691
-0.594989 0.783468
0.594997 0.626022
0.595008 0.576918
-0.594993 0.844219
-0.595009 0.785756
0.595008 0.628052
0.595001 0.579331
-0.595005 0.847646
-0.594999 0.787876
0.594998 0.630096
0.595000 0.581755
-0.595010 0.851096
-0.595001 0.789951
0.594984 0.632280
0.595002 0.584277
-0.595000 0.854604
-0.594990 0.792034
0.595001 0.634522
0.595003 0.586807
-0.595000 0.858089
-0.595006 0.794020
0.595008 0.636957
0.595005 0.589474
-0.594998 0.861494
-0.595011 0.795899
0.595004 0.639046
0.595006 0.591861
-0.595014 0.864885
-0.595003 0.797698
0.595003 0.641354
0.595002 0.594398
-0.594998 0.868292
-0.594988 0.799511
0.595002 0.643685
0.595005 0.596934
-0.594992 0.871619
-0.594994 0.801214
0.595000 0.646261
0.594997 0.599628
-0.595014 0.874916
-0.594987 0.802824
0.594992 0.648696
0.595001 0.602203
-0.595026 0.878049
-0.595004 0.804272
0.595006 0.651621
0.595001 0.605067
-0.595006 0.805830
0.594990 0.654260
0.594997 0.607714
-0.595013 0.807163
0.595008 0.657317
0.594995 0.610596
-0.594988 0.808541
0.595006 0.660192
0.595000 0.613325
-0.595010 0.809975
0.595014 0.663186
0.595003 0.616089
-0.594996 0.811456
0.594997 0.666333
0.594998 0.618908
-0.594992 0.812839
0.595024 0.669527
0.595000 0.621709
-0.595005 0.814305
0.594993 0.672801
0.595001 0.624535
-0.595004 0.815621
0.594993 0.676348
0.595000 0.627452
0.594986 0.679935
0.595000 0.630329
0.595013 0.683703
0.595000 0.633255
0.594998 0.687529
0.595000 0.636167
0.595011 0.691324
0.595000 0.639019
0.595010 0.694954
0.595000 0.641760
0.595000 0.644439
0.595000 0.647044
0.594999 0.649723
0.594999 0.652402
0.594999 0.654981
0.595002 0.657562
0.595000 0.660107
0.594998 0.662615
0.595002 0.665091
0.594997 0.667517
0.594996 0.670028
0.595002 0.672429
0.594997 0.674723
0.595001 0.677101
0.595001 0.679348
0.595001 0.681590
0.595002 0.683845
0.594998 0.686039
0.595003 0.688298
0.594997 0.690461
0.594994 0.692701
0.594999 0.694907
0.595000 0.697230
0.595000 0.699437
0.594998 0.701692
0.594999 0.703969
0.594999 0.706145
0.594996 0.708352
0.595000 0.710485
0.595001 0.712662
0.595001 0.714833
0.594996 0.716884
0.594997 0.718996
0.595000 0.721147
0.594998 0.723206
0.595002 0.725255
0.594997 0.727292
0.595007 0.729340
0.594996 0.731446
0.595002 0.733449
0.595002 0.735553
0.595001 0.737622
0.595000 0.739596
0.595003 0.741659
0.595001 0.743709
0.594995 0.745709
0.595000 0.747716
0.595002 0.749725
0.594994 0.751735
0.595000 0.753720
0.595003 0.755627
0.594992 0.757543
0.595004 0.759417
0.595004 0.761293
0.595001 0.763204
0.595000 0.765142
0.595004 0.766970
0.595000 0.768837
0.595004 0.770684
0.595002 0.772506
0.595003 0.774383
-0.293485 1.384682
-0.292570 1.386266
-0.291771 1.387651
-0.272517 1.420999
-0.290973 1.389033
-0.272155 1.421627
-0.290206 1.390362
-0.271792 1.422255
-0.289436 1.391695
-0.271382 1.422965
-0.288624 1.393102
-0.271050 1.423541
-0.287879 1.394392
-0.270736 1.424084
-0.287149 1.395656
-0.270420 1.424632
-0.286418 1.396922
-0.270164 1.425075
-0.285740 1.398096
-0.269971 1.425408
-0.285120 1.399170
-0.269812 1.425684
-0.284525 1.400200
-0.269687 1.425901
-0.283960 1.401179
-0.269636 1.425989
-0.283462 1.402042
-0.269593 1.426063
-0.282962 1.402909
-0.269784 1.425733
-0.282683 1.403392
-0.270138 1.425119
-0.282566 1.403594
-0.270788 1.423995
-0.249573 1.460739
-0.282766 1.403247
-0.271752 1.422324
-0.252561 1.455564
-0.283367 1.402207
-0.273079 1.420026
-0.255762 1.450020
-0.284508 1.400230
-0.274982 1.416730
-0.259133 1.444181
-0.286663 1.396497
-0.277322 1.412678
-0.262513 1.438326
-0.289728 1.391189
-0.280096 1.407872
-0.265851 1.432546
-0.293912 1.383943
-0.245538 1.467728
-0.283115 1.402642
-0.268975 1.427134
-0.299157 1.374858
-0.252072 1.456410
-0.286530 1.396728
-0.271988 1.421916
-0.306214 1.362635
-0.257258 1.447428
-0.290333 1.390142
-0.274866 1.416930
-0.261464 1.440144
-0.294713 1.382555
-0.277703 1.412018
-0.265058 1.433919
-0.299973 1.373444
-0.280581 1.407032
-0.268255 1.428382
-0.283658 1.401702
-0.271248 1.423198
-0.286937 1.396023
-0.274078 1.418296
-0.248434 1.462713
-0.290569 1.389732
-0.276851 1.413493
-0.254043 1.452997
-0.294354 1.383177
-0.279456 1.408980
-0.258300 1.445623
-0.298690 1.375666
-0.282108 1.404387
-0.261919 1.439355
-0.303516 1.367307
-0.284754 1.399805
-0.265020 1.433985
-0.287457 1.395123
-0.267766 1.429228
-0.290086 1.390568
-0.270173 1.425059
-0.292791 1.385885
-0.272444 1.421126
-0.295456 1.381267
-0.274509 1.417549
-0.298440 1.376100
-0.276589 1.413946
-0.301379 1.371008
-0.278530 1.410584
-0.304458 1.365675
-0.280426 1.407300
-0.307370 1.360632
-0.282178 1.404267
-0.310481 1.355245
-0.283931 1.401229
-0.285652 1.398250
-0.287266 1.395454
-0.253176 1.454499
-0.288794 1.392806
-0.255238 1.450928
-0.290313 1.390175
-0.257172 1.447578
-0.291797 1.387606
-0.258912 1.444565
-0.293233 1.385118
-0.260457 1.441888
-0.294640 1.382681
-0.261893 1.439400
-0.296088 1.380173
-0.263374 1.436835
-0.297371 1.377951
-0.264465 1.434945
-0.298657 1.375724
-0.265550 1.433067
-0.299913 1.373549
-0.266548 1.431338
-0.301144 1.371416
-0.267500 1.429688
-0.302281 1.369446
-0.268268 1.428360
-0.303424 1.367466
-0.269048 1.427008
-0.044196 1.237125
-0.304554 1.365509
-0.269802 1.425702
-0.043712 1.236641
-0.305685 1.363551
-0.270549 1.424408
-0.043230 1.236159
0.594998 0.974613
-0.306812 1.361600
-0.271296 1.423114
-0.042825 1.235754
0.594999 0.976428
-0.307901 1.359713
-0.042447 1.235376
0.595004 0.978268
-0.308983 1.357839
-0.042174 1.235103
-0.068007 1.260936
0.595003 0.980066
-0.310074 1.355949
-0.041866 1.234795
-0.066980 1.259909
0.595000 0.981897
-0.311231 1.353945
-0.041708 1.234637
-0.011873 1.204802
-0.066152 1.259081
0.595000 0.983743
-0.312365 1.351981
-0.041639 1.234568
-0.012857 1.205786
-0.065451 1.258380
0.594998 0.985577
-0.313438 1.350122
-0.041683 1.234612
-0.013978 1.206907
-0.064906 1.257834
0.594994 0.987420
-0.041747 1.234676
-0.015110 1.208039
-0.064388 1.257317
0.595004 0.989286
-0.041932 1.234861
-0.016375 1.209304
-0.064050 1.256979
0.595000 0.991156
-0.042535 1.235464
-0.018119 1.211048
-0.064336 1.257265
0.595003 0.992992
-0.043785 1.236714
-0.020509 1.213437
-0.065669 1.258598
0.595001 0.994945
-0.045374 1.238303
-0.023078 1.216007
-0.067693 1.260622
0.595003 0.996946
-0.048213 1.241142
-0.026512 1.219441
-0.072237 1.265166
0.000094 1.192834
0.595003 0.999009
-0.051904 1.244833
-0.030232 1.223161
-0.079208 1.272137
-0.006839 1.199768
0.595002 1.001024
-0.056265 1.249194
-0.034022 1.226951
-0.012989 1.205918
0.594998 1.002991
-0.060797 1.253726
-0.037539 1.230468
-0.018067 1.210996
0.594995 1.004941
-0.065669 1.258598
-0.040922 1.233851
-0.022496 1.215425
0.594994 1.006912
-0.072302 1.265231
-0.044766 1.237695
-0.026919 1.219848
0.594999 1.008894
-0.048932 1.241861
-0.031102 1.224031
0.594999 1.010893
-0.053201 1.246130
-0.034973 1.227902
0.594998 1.012894
-0.057593 1.250522
-0.038561 1.231490
-0.004343 1.197273
0.595000 1.014798
-0.062358 1.255287
-0.042084 1.235013
-0.010667 1.203596
0.594989 1.071850
0.595001 1.016851
-0.067722 1.260650
-0.045673 1.238602
-0.016086 1.209015
0.595008 1.073494
0.594997 1.018889
-0.073798 1.266727
-0.049312 1.242241
-0.020770 1.213699
0.594998 1.075161
0.594996 1.020958
-0.080769 1.273698
-0.053077 1.246006
-0.025011 1.217940
0.594999 1.076931
0.595001 1.023094
-0.057064 1.249993
-0.028933 1.221862
0.595018 1.078742
0.595005 1.025251
-0.061143 1.254072
-0.032511 1.225440
0.594990 1.080545
0.595003 1.027418
-0.064918 1.257846
-0.035625 1.228554
0.595005 1.082278
0.594997 1.029515
-0.068980 1.261909
-0.038660 1.231589
0.594998 1.084051
0.595006 1.031650
-0.072921 1.265850
-0.041463 1.234392
0.595006 1.085870
0.595004 1.033810
-0.077177 1.270106
-0.044257 1.237185
0.594997 1.088015
0.594997 1.036214
-0.081273 1.274202
-0.046848 1.239777
0.595005 1.089991
0.595002 1.038474
-0.085595 1.278523
-0.049415 1.242344
0.594999 1.091929
0.595007 1.040711
-0.089949 1.282879
-0.051894 1.244823
0.595014 1.094014
0.594996 1.043039
-0.054243 1.247172
0.594989 1.096004
0.594998 1.045305
-0.056614 1.249543
0.594994 1.098137
0.595000 1.047661
-0.058844 1.251773
-0.010877 1.203806
0.594996 1.100376
0.594999 1.050081
-0.060924 1.253853
-0.013381 1.206310
0.594985 1.102499
0.595001 1.052413
-0.062881 1.255810
-0.015503 1.208432
0.594997 1.104690
0.594997 1.054777
-0.064874 1.257803
-0.017654 1.210583
0.595000 1.107000
0.595003 1.057209
-0.066752 1.259681
-0.019478 1.212407
0.594994 1.109133
0.595004 1.059515
-0.068564 1.261492
-0.021121 1.214049
0.595017 1.111403
0.595001 1.061893
-0.070484 1.263413
-0.022953 1.215882
0.595011 1.113772
0.595001 1.064333
-0.072299 1.265228
-0.024528 1.217457
0.595009 1.115998
0.595001 1.066671
-0.034629 0.014241
0.002101 0.165032
-0.023975 0.214463
0.000022 0.028000
0.000022 0.028000
0.000022 0.028000
-0.015175 0.005307
0.027582 0.005000
-0.020197 0.005000
-0.018279 0.029367
-0.065856 0.004963
-0.099071 0.004966
-0.031044 0.004972
-0.023231 0.070578
-0.063733 0.071451
-0.106112 0.108058
-0.034460 0.108573
-0.050788 0.101003
-0.073288 0.077855
-0.104547 0.124318
-0.033157 0.106164
-0.053176 0.100927
-0.031437 0.105034
-0.054818 0.100699
-0.029833 0.103802
-0.057495 0.100665
