0.000022 0.028000
0.022327 0.005003
-0.010380 0.005000
0.016148 0.004999
-0.016397 0.005000
0.022459 0.005000
-0.001934 0.005899
-0.032688 0.005002
0.034694 0.004992
0.003142 0.005886
-0.015576 0.005000
-0.069547 0.004994
0.041221 0.005010
0.006907 0.005000
-0.011820 0.005843
-0.059722 0.005006
0.049932 0.005001
0.010813 0.005000
-0.008291 0.005341
-0.050540 0.004999
0.060912 0.005000
0.015280 0.005001
-0.004357 0.005063
-0.042583 0.005001
0.020236 0.005001
-0.000172 0.005002
-0.035467 0.005003
0.026201 0.004999
0.004561 0.005186
-0.028416 0.004997
0.033390 0.004998
0.009775 0.005683
-0.021413 0.005001
0.042275 0.004998
0.015915 0.005000
-0.014375 0.004999
0.053681 0.004995
0.022726 0.005000
-0.007267 0.005000
0.069063 0.005009
0.030473 0.005001
-0.000107 0.004999
0.039489 0.004998
0.007149 0.005000
0.050517 0.004997
0.014653 0.005000
0.058839 0.004998
0.020401 0.005000
-0.040667 0.004996
0.074316 0.004995
0.027976 0.004999
-0.024516 0.004997
0.036057 0.005001
-0.012200 0.004997
0.044540 0.005003
-0.002671 0.004997
0.053018 0.005001
0.004475 0.005004
0.061137 0.005000
0.009865 0.005000
0.069299 0.004996
0.014662 0.005002
0.077412 0.004998
0.018995 0.005001
0.085338 0.004999
0.022915 0.004999
0.092942 0.005003
0.026408 0.004999
0.100299 0.004999
0.029609 0.005002
0.032445 0.005002
0.035289 0.004998
0.038005 0.005001
0.040552 0.005000
0.043026 0.005001
0.045262 0.004999
-0.195115 0.353824
-0.194813 0.354830
-0.194310 0.357134
-0.194105 0.360047
-0.194536 0.363291
-0.195000 0.367130
-0.195000 0.371360
-0.195000 0.375867
-0.195000 0.382017
-0.194984 0.355076
-0.195000 0.392137
-0.195000 0.362755
-0.195000 0.403067
-0.195000 0.369873
-0.195000 0.416027
-0.195000 0.377071
-0.195000 0.384701
-0.195000 0.391724
-0.195000 0.356015
-0.195000 0.405805
-0.195000 0.365711
-0.195000 0.424064
-0.195000 0.375459
-0.195000 0.384936
-0.195000 0.393961
-0.195000 0.402033
-0.195000 0.409215
-0.195000 0.353495
-0.195000 0.417680
-0.195000 0.359445
-0.195000 0.425627
-0.195000 0.364274
-0.195000 0.433047
-0.195000 0.368354
-0.195000 0.440265
-0.195000 0.372061
-0.195000 0.447188
-0.195000 0.375405
-0.195000 0.378091
-0.195000 0.380489
-0.195000 0.382351
-0.195000 0.384292
0.009136 1.183793
0.005591 1.187338
0.001868 1.191061
-0.001432 1.194361
-0.005319 1.198248
-0.009018 1.201947
-0.012654 1.205583
-0.016362 1.209291
-0.019798 1.212727
-0.023393 1.216322
-0.026914 1.219843
-0.030692 1.223621
-0.034511 1.227440
-0.038301 1.231230
-0.042065 1.234994
-0.045768 1.238697
-0.049630 1.242559
-0.053554 1.246483
-0.057249 1.250178
-0.060937 1.253866
-0.064650 1.257579
-0.068353 1.261282
-0.072077 1.265006
-0.075957 1.268886
-0.079396 1.272325
-0.083157 1.276086
-0.086562 1.279491
-0.090181 1.283110
-0.093798 1.286727
-0.097377 1.290306
-0.101025 1.293954
-0.104593 1.297522
-0.108006 1.300935
-0.111583 1.304512
-0.309647 1.356689
-0.310939 1.352801
-0.313596 1.351053
-0.317186 1.349538
-0.324469 1.354320
-0.331378 1.358309
-0.338394 1.362359
-0.299912 1.373550
-0.307386 1.360390
-0.314776 1.350218
-0.322104 1.351858
-0.329687 1.356790
-0.336996 1.361552
-0.343579 1.365353
-0.349580 1.368817
-0.355687 1.372343
-0.361421 1.375654
-0.594998 1.224856
-0.595004 1.262192
-0.595003 1.222846
-0.595003 1.258330
-0.595000 1.220424
-0.594998 1.254076
-0.594998 1.217657
-0.595002 1.249542
-0.594997 1.214903
-0.594999 1.245119
-0.594997 1.211619
-0.595000 1.240290
-0.595007 1.208001
-0.595003 1.235283
-0.594992 1.203202
-0.595000 1.229534
-0.595012 1.197059
-0.595000 1.223099
-0.594979 1.270196
-0.595000 1.189373
-0.595000 1.216049
-0.594989 1.257323
-0.594989 1.180226
-0.594999 1.208701
-0.594988 1.245980
-0.595009 1.168538
-0.594996 1.200755
-0.594996 1.235653
-0.594991 1.152844
-0.595002 1.192096
-0.594995 1.226285
-0.595003 1.182387
-0.594999 1.217624
-0.594987 1.170948
-0.595000 1.209319
-0.594990 1.156723
-0.594999 1.201126
-0.595008 1.265069
-0.595028 1.137812
-0.595002 1.192818
-0.594997 1.248576
-0.594999 1.184132
-0.594988 1.236312
-0.594993 1.175045
-0.595001 1.226820
-0.595003 1.166659
-0.594998 1.220318
-0.595001 1.158695
-0.595005 1.215158
-0.594993 1.151152
-0.595006 1.210854
-0.595012 1.143434
-0.594995 1.206684
-0.594998 1.135993
-0.595004 1.202951
-0.594998 1.128732
-0.595001 1.199492
-0.595008 1.196565
-0.504410 1.188798
-0.595004 1.193632
-0.504327 1.189984
-0.476061 1.215818
-0.594999 1.190872
-0.505050 1.191512
-0.478972 1.208328
-0.594994 1.188234
-0.506967 1.192861
-0.490716 1.163367
-0.480033 1.201630
-0.595001 1.186342
-0.511526 1.194259
-0.490785 1.169811
-0.480847 1.194675
-0.525156 1.194366
-0.492150 1.175752
-0.479062 1.188620
-0.494556 1.179950
-0.473897 1.184509
-0.498569 1.182998
-0.466533 1.181746
-0.507374 1.183353
-0.457144 1.182001
-0.518609 1.181223
-0.478834 1.156239
-0.483017 1.164281
-0.487809 1.168478
-0.510658 1.206564
-0.493858 1.169454
-0.508189 1.197848
-0.500887 1.167057
-0.505774 1.195452
-0.508091 1.163431
-0.503483 1.193326
-0.515977 1.156542
-0.501124 1.192327
-0.499113 1.192566
-0.594999 1.238535
-0.595000 1.239564
-0.595000 1.241315
-0.595006 1.204751
-0.595000 1.243257
-0.594992 1.208862
-0.595000 1.246319
-0.594993 1.214228
-0.594998 1.250772
-0.595003 1.221003
-0.595001 1.256351
-0.595002 1.228601
-0.594994 1.263921
-0.594998 1.237495
-0.594998 1.273026
-0.595000 1.246627
-0.595002 1.197793
-0.594998 1.282699
-0.595000 1.255035
-0.595011 1.213134
-0.594992 1.293456
-0.594999 1.263128
-0.594998 1.225175
-0.594992 1.307402
-0.595004 1.271920
-0.595006 1.235939
-0.594995 1.282296
-0.595004 1.246352
-0.594996 1.294974
-0.594999 1.256587
-0.594998 1.310522
-0.595001 1.266562
-0.595017 1.329480
-0.595003 1.276141
-0.594997 1.215500
-0.595000 1.285496
-0.595005 1.229238
-0.595003 1.294336
-0.594992 1.238953
-0.595007 1.302729
-0.595008 1.246389
-0.595010 1.310873
-0.595007 1.252584
-0.594998 1.317998
-0.594993 1.257174
-0.595003 1.325250
-0.595008 1.261572
-0.595007 1.332126
-0.594992 1.265404
-0.595003 1.338816
-0.594995 1.268894
-0.595005 1.345420
-0.594997 1.272215
-0.594992 1.274716
-0.595001 1.276850
-0.594998 1.279098
-0.595000 1.281373
-0.428730 1.413418
-0.429990 1.414493
-0.431326 1.415737
-0.432848 1.417371
-0.434218 1.419226
-0.433564 1.422575
-0.404798 1.400697
-0.429354 1.430428
-0.410326 1.403889
-0.422003 1.442082
-0.415536 1.406897
-0.420271 1.409631
0.027171 0.004997
-0.005747 0.005000
0.024359 0.004999
-0.008315 0.005000
0.021623 0.004998
-0.010437 0.005000
0.019765 0.005000
-0.001060 0.005472
-0.036395 0.005004
0.050148 0.004998
0.009899 0.005001
-0.012176 0.005000
0.045669 0.005002
0.006594 0.005001
-0.017042 0.004999
0.055580 0.004996
0.011990 0.005000
-0.011061 0.004999
0.018780 0.005003
-0.004063 0.005000
-0.049272 0.004998
0.026432 0.005004
0.002976 0.005000
-0.035348 0.005004
0.035373 0.005005
0.010159 0.005000
-0.023825 0.005003
0.046209 0.004999
0.017569 0.005001
-0.014048 0.005003
0.060686 0.005002
0.025716 0.005000
-0.005128 0.005000
0.034820 0.005002
0.003097 0.005000
0.045632 0.004997
0.010954 0.005000
0.058794 0.004998
0.018602 0.005000
-0.039243 0.004991
0.076052 0.005001
0.026254 0.005000
-0.024303 0.005000
0.034537 0.005001
-0.012739 0.005000
0.043182 0.005004
-0.003961 0.004997
0.051613 0.005001
0.002487 0.005000
0.059821 0.004997
0.007627 0.005002
0.068105 0.005005
0.012281 0.004998
0.076321 0.004991
0.016483 0.005000
0.084404 0.005001
0.020361 0.004999
0.091996 0.004999
0.023713 0.004999
0.026930 0.005000
0.029757 0.004999
0.032347 0.004998
0.034900 0.005000
0.037374 0.005000
0.039962 0.005000
